1.210766006609527379e+00
4.128924968618575830e-01
1.248746085848089438e+00
1.321122837877455325e+00
6.534351255727626206e-01
2.789394192617902224e-01
6.044410762668669390e-01
8.783280707909406626e-01
1.302714500462534675e+00
2.631460621667863764e-01
5.328922472919919162e-01
1.045459818114328199e+00
1.691509327727938050e+00
4.127072076197453754e+00
1.145924984106802214e+00
1.103064646415195860e+00
2.596272397303681423e+00
9.583289028773153140e-01
3.918394852397721895e-01
2.210316954256957567e-01
